3 8
0 1 2 3 4 5 6 7
1 0 8 9 10 11 12 13
2 8 0 14 15 16 17 18
3 9 14 0 19 20 21 22
4 10 15 19 0 23 24 25
5 11 16 20 23 0 26 27
6 12 17 21 24 26 0 28
7 13 18 22 25 27 28 0
